ldr_value
804
710
723
847
929
755
631
701
825
868
758
656
671
740
811
731
619
610
784
1072
1111
846
602
654
1008
1263
830
567
659
1072
4095
4095
715
587
707
943
865
630
553
780
1148
4095
825
585
663
1157
1251
944
631
831
1358
1751
1585
666
757
1184
1293
1053
656
630
965
1572
1615
829
703
709
971
839
619
906
864
1232
925
581
551
1170
1665
963
719
4095
1253
1387
959
611
848
1179
1196
759
645
1094
1522
1466
914
656
853
1356
1236
699
640
1077
1597
1498
711
595
926
1405
1084
623
656
1283
1923
1584
959
653
683
746
695
573
777
1363
1734
1313
706
467
580
593
464
662
1008
1104
686
558
505
550
432
467
633
880
801
527
491
750
960
880
627
802
1200
989
656
859
1406
1659
1073
704
1196
2055
2494
1744
935
891
1619
1857
902
1072
2109
2704
2096
1057
918
1857
2526
1402
752
1395
2305
2225
1119
1040
2559
3504
2186
881
998
1596
1776
1233
913
965
1105
1151
933
966
1358
1730
1531
1043
147
1366
1456
936
1037
1808
2193
1469
893
2021
3203
2131
885
1264
2418
2871
1519
854
1764
2668
1566
912
1959
3377
3359
1393
873
1936
2414
1055
1049
2199
3136
2688
1040
1136
2169
2126
976
1142
1940
2179
1570
908
1375
1957
1808
1314
1008
1153
1346
1381
1179
966
1057
1452
1530
939
989
1566
1968
1587
1042
1002
1871
1915
999
982
1808
2965
1993
923
1168
2753
2721
1050
1168
2113
2905
2106
976
1059
2239
2352
922
1056
2065
2510
1904
912
1307
2896
3024
1243
882
4095
3284
2425
1041
1094
2528
2752
1166
996
2343
3920
2910
1149
1054
2607
3101
1377
1001
2437
3569
1443
802
1653
2679
1619
786
1319
2433
3482
3163
944
1389
1878
1082
1005
3313
4011
4095
2742
853
1196
1488
1243
871
746
1067
1104
795
807
1187
1280
886
741
1379
2688
1245
747
1174
1664
1209
772
894
2327
2832
1060
762
1265
1239
848
787
1050
1762
1413
793
779
935
871
788
959
2101
2417
980
746
1263
1609
1046
739
1223
1994
1278
771
1136
1296
945
800
949
1246
1082
835
859
881
898
848
791
976
1554
1671
1049
992
1377
1788
1501
1062
1076
1840
2928
2308
1201
1323
1908
2021
1624
1621
2013
2385
2272
2014
2128
2227
2315
2237
1872
1530
2063
2035
1246
1168
1815
2275
2009
986
1179
2798
3332
1403
1040
1715
2258
1725
925
1328
2757
1904
861
1104
1750
1673
1041
999
1784
2748
1843
990
1072
1435
1393
941
831
1137
1647
1257
869
911
1232
1184
862
793
1109
1118
795
757
1146
1744
1402
737
794
1087
1150
767
703
989
1168
897
633
762
1217
1137
685
635
994
1088
685
641
913
1044
825
679
688
861
938
761
842
1183
1175
879
756
720
741
720
715
882
1096
927
729
711
833
849
692
715
905
929
834
731
890
1005
862
784
1053
1881
1962
1092
801
790
862
789
761
1249
2737
3173
1643
769
779
832
701
895
2474
3407
3159
1243
771
781
835
719
944
2256
3382
3127
1079
679
678
657
666
947
1637
1968
1129
697
777
878
737
715
1088
1531
1244
935
816
990
1033
769
912
1682
2359
1434
857
806
1059
992
765
795
1099
1473
1501
1136
880
843
866
951
771
723
885
1180
1378
1081
784
729
890
1020
803
693
759
1057
1355
1136
797
756
755
801
784
715
755
983
1360
1348
937
752
723
773
807
688
694
886
1067
981
781
733
890
917
750
748
969
1260
1380
1157
902
782
963
1147
897
758
801
1039
1289
1252
939
731
668
689
716
639
0
981
1251
1264
912
683
650
754
779
698
698
822
976
1013
853
702
816
1009
1013
733
695
878
1171
1235
972
733
795
848
975
790
667
717
893
1131
1207
1015
782
688
726
853
827
667
700
815
960
885
719
675
802
989
912
715
729
1013
1234
1109
830
687
710
816
787
681
736
918
1023
885
784
770
818
843
831
834
815
803
803
785
805
811
803
794
997
1281
1247
980
788
761
826
848
766
774
1008
1279
1319
1117
880
816
861
895
816
815
975
1237
1296
1143
944
865
955
1040
954
838
1007
1408
1570
1147
828
882
1059
1056
875
737
1021
1470
1879
1705
1205
891
543
816
837
805
837
1151
1722
1994
1406
914
739
848
866
744
915
1347
1744
1440
982
801
817
819
802
806
923
1149
1298
1234
974
847
931
989
923
847
962
1571
2217
1711
1169
910
939
955
961
905
910
1136
1211
951
886
1284
1389
1168
903
917
1110
1180
1065
988
895
854
848
848
941
1037
1157
1216
1073
963
930
941
975
916
883
1008
1202
1360
1185
976
935
954
1005
934
873
999
1186
1411
1276
1055
932
911
931
877
931
1066
1249
1415
1307
1063
931
905
895
902
911
1045
1168
1335
1344
1136
977
939
1032
975
929
1101
1328
1582
1485
1168
923
939
987
944
531
949
1153
1360
1465
1138
923
885
879
846
791
750
791
758
673
687
742
826
799
767
719
662
704
696
722
689
727
707
820
957
781
683
627
678
677
661
663
816
896
830
727
667
734
704
678
763
884
987
911
730
605
741
800
749
752
822
972
948
811
669
669
837
798
654
689
813
887
803
656
702
1093
918
711
708
823
786
656
797
1077
994
716
773
848
629
645
1657
2959
2235
1069
766
912
1968
2754
3184
3290
3120
3127
2922
2928
2947
683
589
640
653
691
650
555
619
597
654
692
905
753
981
1318
1104
814
851
985
981
862
731
756
720
772
944
1207
945
721
692
763
683
853
1333
1643
1210
736
826
1342
1535
970
761
891
1165
1015
710
903
1915
2407
1330
783
774
935
742
688
996
1939
1744
944
728
790
880
755
695
816
1119
1327
975
719
739
727
730
657
912
1671
2519
1697
868
881
1261
1173
752
867
2297
3047
1681
811
827
1177
1108
821
722
1071
1466
1129
771
766
994
966
690
867
1719
2324
1303
829
695
784
800
675
639
999
1698
1518
903
755
667
711
624
686
1006
1615
1520
989
711
662
710
687
693
852
1279
1749
1182
663
669
714
686
666
833
1263
1301
865
677
672
693
663
560
783
1280
1693
1006
656
620
647
590
626
894
1647
1590
918
607
605
672
574
560
838
1591
1918
1013
614
654
727
635
665
1239
2209
1962
955
642
621
627
591
753
1613
3024
2873
1008
633
688
816
688
624
